Standalone eigensolver for symmetric matrices using power iteration with spectral deflation.
Written in C with OpenMP acceleration.

Usage: make test matrix (see e.g. Octave script write_test_matrix.m)  

Compile: ./compile.sh

Run: ./pi1

Example:
(The below test matrix has eigenvalues of different signs and some of them are close to one another).

>> write_test_matrix
eigen vecs/vals of A:
V =

 Columns 1 through 11:

   0.3923703  -0.3534977   0.2520229  -0.2257513   0.3981662  -0.3934471  -0.2919551   0.2137816   0.0171464   0.0513095   0.2738606
   0.3086533   0.6468334   0.2192759  -0.4208665  -0.0083586  -0.0327756   0.0961867   0.2166976   0.3634231  -0.1929335  -0.1732066
   0.0824033   0.0901720  -0.4935663   0.2416979   0.4809189  -0.0817134  -0.3159287   0.1362050   0.2498849   0.0780306  -0.1125655
  -0.1407390   0.0314182  -0.2464219  -0.5059764  -0.1067770  -0.4623700  -0.0757996  -0.5870550   0.0575272   0.2737666  -0.0552491
   0.0071993   0.0533546   0.3474877  -0.2039321   0.3618068   0.2760771  -0.2728184  -0.2535338  -0.5505801  -0.0976895  -0.3447870
  -0.1435943  -0.2792101   0.1309398   0.0609244   0.2634902  -0.4197814   0.6116053   0.0809144   0.0247468  -0.2061623  -0.4381656
  -0.2572119   0.0566134  -0.1287522  -0.3050757   0.4746113   0.2835904   0.3816221  -0.0899715   0.0232756  -0.1428743   0.5814786
   0.3412845  -0.1806094  -0.1336474   0.0199059   0.2320156   0.4300721   0.1581733  -0.3556565   0.3552129   0.1779667  -0.3439509
   0.2871887   0.1989842   0.2105858   0.4789654   0.0427620  -0.2246406   0.0239807  -0.5745041   0.0700680  -0.3670817   0.2764002
   0.0368879  -0.3798897   0.4483057  -0.0823908  -0.1832623   0.2063716   0.0043878  -0.0698604   0.4135263   0.2268768   0.1347016
   0.5976084  -0.2548807  -0.3959062  -0.2231304  -0.2729187   0.0819609   0.2039970   0.0334432  -0.3103742  -0.2692689   0.0612182
   0.2826710   0.2863964   0.0983528   0.1809060   0.0969167  -0.0779191   0.3722896   0.0518388  -0.3149023   0.7185040   0.1170484

 Column 12:

   0.2905205
  -0.0668962
  -0.4955079
  -0.0747868
  -0.2395280
  -0.1385975
  -0.0500676
   0.4076679
  -0.0720839
  -0.5699660
  -0.2735878
  -0.0990516

S =

Diagonal Matrix

  -9.43335         0         0         0         0         0         0         0         0         0         0         0
         0  -7.20796         0         0         0         0         0         0         0         0         0         0
         0         0  -5.85148         0         0         0         0         0         0         0         0         0
         0         0         0  -3.55089         0         0         0         0         0         0         0         0
         0         0         0         0  -3.03250         0         0         0         0         0         0         0
         0         0         0         0         0  -0.77731         0         0         0         0         0         0
         0         0         0         0         0         0   0.11213         0         0         0         0         0
         0         0         0         0         0         0         0   1.66846         0         0         0         0
         0         0         0         0         0         0         0         0   3.36968         0         0         0
         0         0         0         0         0         0         0         0         0   5.47414         0         0
         0         0         0         0         0         0         0         0         0         0   5.84995         0
         0         0         0         0         0         0         0         0         0         0         0   8.74083

>> A
A =

  -2.229032  -0.561394  -1.102649   0.141179  -2.220423  -1.872283   1.276329  -1.236310  -0.647914  -2.716276  -2.786807  -0.331499
  -0.561394  -3.882987   1.017496  -0.523209  -1.180410   2.447801  -0.195430   0.296730  -1.294840   1.404419  -0.365445  -3.196088
  -1.102649   1.017496   0.044011   0.332846   1.339394   1.026357  -0.862478  -2.112513  -0.331094   4.673061  -0.078923  -0.031102
   0.141179  -0.523209   0.332846  -0.595289   0.614043  -0.051097  -1.112403   1.094007   1.417278   1.465839  -0.518680   1.769364
  -2.220423  -1.180410   1.339394   0.614043   1.054790   0.881345  -1.553421  -0.782774  -0.274069  -0.608318   2.131480  -0.149953
  -1.872283   2.447801   1.026357  -0.051097   0.881345   0.361179  -1.609133   0.331216   0.140094  -0.711941   1.364007  -0.242710
   1.276329  -0.195430  -0.862478  -1.112403  -1.553421  -1.609133   0.323003  -1.005649   2.632729   1.284594   1.906710   0.579755
  -1.236310   0.296730  -2.112513   1.094007  -0.782774   0.331216  -1.005649   1.210318  -1.235125  -1.741436  -4.133126  -0.804795
  -0.647914  -1.294840  -0.331094   1.417278  -0.274069   0.140094   2.632729  -1.235125  -0.385037   0.378073   0.371259  -2.946786
  -2.716276   1.404419   4.673061   1.465839  -0.608318  -0.711941   1.284594  -1.741436   0.378073   1.423712   0.543123   1.580534
  -2.786807  -0.365445  -0.078923  -0.518680   2.131480   1.364007   1.906710  -4.133126   0.371259   0.543123  -3.758076  -1.050574
  -0.331499  -3.196088  -0.031102   1.769364  -0.149953  -0.242710   0.579755  -0.804795  -2.946786   1.580534  -1.050574   1.795107

>>

Sample recovery of eigenpairs with C code, (depends on parameters maxiters and tol):

>./pi1             
loading matrix A
setting up matrix with m = 12 and n = 12
matrix A:
-2.229000  -0.561400  -1.102600  0.141200  -2.220400  -1.872300  1.276300  -1.236300  -0.647900  -2.716300  -2.786800  -0.331500  
-0.561400  -3.883000  1.017500  -0.523200  -1.180400  2.447800  -0.195400  0.296700  -1.294800  1.404400  -0.365400  -3.196100  
-1.102600  1.017500  0.044000  0.332800  1.339400  1.026400  -0.862500  -2.112500  -0.331100  4.673100  -0.078900  -0.031100  
0.141200  -0.523200  0.332800  -0.595300  0.614000  -0.051100  -1.112400  1.094000  1.417300  1.465800  -0.518700  1.769400  
-2.220400  -1.180400  1.339400  0.614000  1.054800  0.881300  -1.553400  -0.782800  -0.274100  -0.608300  2.131500  -0.150000  
-1.872300  2.447800  1.026400  -0.051100  0.881300  0.361200  -1.609100  0.331200  0.140100  -0.711900  1.364000  -0.242700  
1.276300  -0.195400  -0.862500  -1.112400  -1.553400  -1.609100  0.323000  -1.005600  2.632700  1.284600  1.906700  0.579800  
-1.236300  0.296700  -2.112500  1.094000  -0.782800  0.331200  -1.005600  1.210300  -1.235100  -1.741400  -4.133100  -0.804800  
-0.647900  -1.294800  -0.331100  1.417300  -0.274100  0.140100  2.632700  -1.235100  -0.385000  0.378100  0.371300  -2.946800  
-2.716300  1.404400  4.673100  1.465800  -0.608300  -0.711900  1.284600  -1.741400  0.378100  1.423700  0.543100  1.580500  
-2.786800  -0.365400  -0.078900  -0.518700  2.131500  1.364000  1.906700  -4.133100  0.371300  0.543100  -3.758100  -1.050600  
-0.331500  -3.196100  -0.031100  1.769400  -0.150000  -0.242700  0.579800  -0.804800  -2.946800  1.580500  -1.050600  1.795100  
running deflation scheme..
eigenpair 1 of 12:
eval = -9.433312
evec = 
0.392369
0.308654
0.082396
-0.140742
0.007200
-0.143592
-0.257214
0.341284
0.287185
0.036893
0.597608
0.282675
norm(dvec) = 0.000000
eigenpair 2 of 12:
eval = 8.740820
evec = 
-0.290524
0.066903
0.495510
0.074779
0.239532
0.138609
0.050062
-0.407663
0.072084
0.569964
0.273588
0.099040
norm(dvec) = 0.000000
eigenpair 3 of 12:
eval = -7.207963
evec = 
-0.353495
0.646831
0.090180
0.031409
0.053358
-0.279209
0.056612
-0.180605
0.198990
-0.379888
-0.254888
0.286398
norm(dvec) = 0.000000
eigenpair 4 of 12:
eval = -5.840187
evec = 
-0.250854
-0.220007
0.493087
0.246183
-0.348947
-0.132807
0.131223
0.132185
-0.209403
-0.447729
0.396165
-0.097854
norm(dvec) = 0.051001
eigenpair 5 of 12:
eval = 5.850061
evec = 
0.272788
-0.174149
-0.110461
-0.054175
-0.346259
-0.438731
0.582010
-0.343370
0.275482
0.132827
0.062877
0.116694
norm(dvec) = 0.000000
eigenpair 6 of 12:
eval = 5.474160
evec = 
0.051282
-0.192922
0.078047
0.273772
-0.097657
-0.206119
-0.142920
0.177987
-0.367106
0.226869
-0.269271
0.718498
norm(dvec) = 0.000000
eigenpair 7 of 12:
eval = -3.550902
evec = 
0.225728
0.420876
-0.241716
0.505985
0.203911
-0.060936
0.305054
-0.019919
-0.478965
0.082397
0.223138
-0.180908
norm(dvec) = 0.000000
eigenpair 8 of 12:
eval = 3.369674
evec = 
-0.017143
-0.363415
-0.249878
-0.057535
0.550583
-0.024754
-0.023279
-0.355224
-0.070080
-0.413526
0.310375
0.314895
norm(dvec) = 0.000000
eigenpair 9 of 12:
eval = -3.032492
evec = 
0.398184
-0.008345
0.480905
-0.106749
0.361819
0.263490
0.474621
0.232018
0.042745
-0.183257
-0.272905
0.096904
norm(dvec) = 0.000000
eigenpair 10 of 12:
eval = 1.668453
evec = 
-0.213791
-0.216699
-0.136216
0.587055
0.253541
-0.080903
0.089967
0.355653
0.574501
0.069856
-0.033432
-0.051826
norm(dvec) = 0.000000
eigenpair 11 of 12:
eval = -0.777249
evec = 
0.393445
0.032776
0.081716
0.462368
-0.276076
0.419777
-0.283597
-0.430076
0.224643
-0.206374
-0.081958
0.077917
norm(dvec) = 0.000000
eigenpair 12 of 12:
eval = 0.112189
evec = 
0.291953
-0.096186
0.315926
0.075807
0.272817
-0.611611
-0.381620
-0.158161
-0.023972
-0.004373
-0.203998
-0.372292
norm(dvec) = 0.000000
delete and exit..
>
