# Created by Octave 4.0.3, Wed Sep 20 21:12:01 2017 EDT <suserge@linux-abk6>
# name: A
# type: matrix
# rows: 12
# columns: 12
 -2.229032436534702 -0.5613944312996828 -1.102649156972544 0.1411790438275015 -2.22042265059665 -1.872283157659971 1.276329166506137 -1.23630961287522 -0.6479137015504274 -2.716275674562737 -2.786807175889744 -0.3314987512190974
 -0.5613944312996828 -3.882986753740711 1.017495951389322 -0.5232090021575875 -1.180409978379306 2.44780104593991 -0.1954296296367792 0.296729820662464 -1.294840025072054 1.404418979463316 -0.3654451986061374 -3.196087536676408
 -1.102649156972544 1.017495951389322 0.0440106292707036 0.3328460894791749 1.339394106242334 1.02635742023345 -0.8624775744935672 -2.112513158267909 -0.3310937001891798 4.673060817602873 -0.07892258954754167 -0.03110209389311179
 0.1411790438275015 -0.5232090021575875 0.3328460894791749 -0.5952887685066831 0.6140429314640059 -0.05109679970203307 -1.112403266586225 1.09400707896003 1.417278385836876 1.465839450128847 -0.518680026693974 1.769364297632744
 -2.22042265059665 -1.180409978379306 1.339394106242334 0.6140429314640059 1.054790317351467 0.8813453535703258 -1.553421445618248 -0.7827744057315006 -0.274068583087723 -0.6083177875693826 2.131480316255031 -0.1499529128869773
 -1.872283157659971 2.44780104593991 1.02635742023345 -0.05109679970203307 0.8813453535703258 0.3611792141539668 -1.609133103121971 0.3312156611725353 0.1400939904647022 -0.7119411856771494 1.364006653957914 -0.2427101235688795
 1.276329166506137 -0.1954296296367792 -0.8624775744935672 -1.112403266586225 -1.553421445618248 -1.609133103121971 0.3230027853501886 -1.005648531607836 2.632729076421562 1.284593663203673 1.906710428710444 0.5797549932099717
 -1.23630961287522 0.296729820662464 -2.112513158267909 1.09400707896003 -0.7827744057315006 0.3312156611725353 -1.005648531607836 1.210318151644485 -1.235124508198543 -1.741436083260984 -4.133126112156837 -0.8047945447148864
 -0.6479137015504274 -1.294840025072054 -0.3310937001891798 1.417278385836876 -0.274068583087723 0.1400939904647022 2.632729076421562 -1.235124508198543 -0.3850366703026746 0.3780728110204774 0.3712592942502284 -2.946786224486751
 -2.716275674562737 1.404418979463316 4.673060817602873 1.465839450128847 -0.6083177875693826 -0.7119411856771494 1.284593663203673 -1.741436083260984 0.3780728110204774 1.423711575599199 0.543123407595609 1.580534248485779
 -2.786807175889744 -0.3654451986061374 -0.07892258954754167 -0.518680026693974 2.131480316255031 1.364006653957914 1.906710428710444 -4.133126112156837 0.3712592942502284 0.543123407595609 -3.758076190494203 -1.050573504269279
 -0.3314987512190974 -3.196087536676408 -0.03110209389311179 1.769364297632744 -0.1499529128869773 -0.2427101235688795 0.5797549932099717 -0.8047945447148864 -2.946786224486751 1.580534248485779 -1.050573504269279 1.795107151706153


